1000 0 543 0 1324 0 2663 0 3681 0 4279 0 4000 0 0 0 200 40  0 40  0 20  0  0  0 52  0 57  0 72  0 67  0 80  0 80  0  0  0 70
1000 0 543 0 1324 0 2663 0 3681 0 4279 0 4000 0 0 0 200 40  0 40  0 20  0  0  0 52  0 57  0 72  0 67  0 80  0 80  0  0  0 70
1000 0 543 0 1324 0 2663 0 3681 0 4279 0 4000 0 0 0 200 40  0 40  0 20  0  0  0 52  0 57  0 72  0 67  0 80  0 80  0  0  0 70
1000 0 543 0 1324 0 2663 0 3681 0 4279 0 4000 0 0 0 200 40  0 40  0 20  0  0  0 52  0 57  0 72  0 67  0 80  0 80  0  0  0 70
1000 0 543 0 1324 0 2663 0 3681 0 4279 0 4000 0 0 0 200 40  0 40  0 20  0  0  0 52  0 57  0 72  0 67  0 80  0 80  0  0  0 70
1000 0 543 0 1324 0 2663 0 3681 0 4279 0 4000 0 0 0 200 40  0 40  0 20  0  0  0 52  0 57  0 72  0 67  0 80  0 80  0  0  0 70
1000 0 543 0 1324 0 2663 0 3681 0 4279 0 4000 0 0 0 200 40  0 40  0 20  0  0  0 52  0 57  0 72  0 67  0 80  0 80  0  0  0 70
1000 0 543 0 1324 0 2663 0 3681 0 4279 0 4000 0 0 0 200 40  0 40  0 20  0  0  0 52  0 57  0 72  0 67  0 80  0 80  0  0  0 70
1000 0 543 0 1324 0 2663 0 3681 0 4279 0 4000 0 0 0 200 40  0 40  0 20  0  0  0 52  0 57  0 72  0 67  0 80  0 80  0  0  0 70
1000 0 543 0 1324 0 2663 0 3681 0 4279 0 4000 0 0 0 200 40  0 40  0 20  0  0  0 52  0 57  0 72  0 67  0 80  0 80  0  0  0 70
1000 0 543 0 1324 0 2663 0 3681 0 4279 0 4000 0 0 0 200 40  0 40  0 20  0  0  0 52  0 57  0 72  0 67  0 80  0 80  0  0  0 70
1000 0 543 0 1324 0 2663 0 3681 0 4279 0 4000 0 0 0 200 40  0 40  0 20  0  0  0 52  0 57  0 72  0 67  0 80  0 80  0  0  0 70
1000 0 543 0 1324 0 2663 0 3681 0 4279 0 4000 0 0 0 200 40  0 40  0 20  0  0  0 52  0 57  0 72  0 67  0 80  0 80  0  0  0 70
1000 0 543 0 1324 0 2663 0 3681 0 4279 0 4000 0 0 0 200 40  0 40  0 20  0  0  0 52  0 57  0 72  0 67  0 80  0 80  0  0  0 70
1000 0 543 0 1324 0 2663 0 3681 0 4279 0 4000 0 0 0 200 40  0 40  0 20  0  0  0 52  0 57  0 72  0 67  0 80  0 80  0  0  0 70
1000 0 543 0 1324 0 2663 0 3681 0 4279 0 4000 0 0 0 200 40  0 40  0 20  0  0  0 52  0 57  0 72  0 67  0 80  0 80  0  0  0 70
1000 0 543 0 1324 0 2663 0 3681 0 4279 0 4000 0 0 0 200 40  0 40  0 20  0  0  0 52  0 57  0 72  0 67  0 80  0 80  0  0  0 70
1000 0 543 0 1324 0 2663 0 3681 0 4279 0 4000 0 0 0 200 40  0 40  0 20  0  0  0 52  0 57  0 72  0 67  0 80  0 80  0  0  0 70
1000 0 543 0 1324 0 2663 0 3681 0 4279 0 4000 0 0 0 200 40  0 40  0 20  0  0  0 52  0 57  0 72  0 67  0 80  0 80  0  0  0 70
1000 0 543 0 1324 0 2663 0 3681 0 4279 0 4000 0 0 0 200 40  0 40  0 20  0  0  0 52  0 57  0 72  0 67  0 80  0 80  0  0  0 70
1000 0 497 0 739 0 2772 0 3364 0 4170 0 4000 0 0 0 200 40  0 40  0 20  0  0 53 44 79 70 52 95 44 56 34 80  0 80  0  0 27 70
1000 0 497 0 739 0 2772 0 3364 0 4170 0 4000 0 0 0 200 40  0 40  0 20  0  0 53 44 79 70 52 95 44 56 34 80  0 80  0  0 29 70
1004 0 497 0 739 0 2772 0 3364 0 4170 0 4000 0 0 0 200 40  0 40  0 20  0  0 53 44 79 70 52 95 44 56 34 80  0 80  0  0 31 70
1009 0 497 0 739 0 2772 0 3364 0 4170 0 4000 0 0 0 200 40  0 40  0 20  0  0 53 44 79 70 52 95 44 56 34 80  0 80  0  0 33 70
1013 0 497 0 739 0 2772 0 3364 0 4170 0 4000 0 0 0 200 40  0 40  0 20  0  0 53 44 79 70 52 95 44 56 34 80  0 80  0  0 35 70
1017 0 497 0 739 0 2772 0 3364 0 4170 0 4000 0 0 0 200 40  0 40  0 20  0  0 53 44 79 70 52 95 44 56 34 80  0 80  0  0 36 70
1022 0 497 0 739 0 2772 0 3364 0 4170 0 4000 0 0 0 200 40  0 40  0 20  0  0 53 44 79 70 52 95 44 56 34 80  0 80  0  0 38 70
1026 0 497 0 739 0 2772 0 3364 0 4170 0 4000 0 0 0 200 40  0 40  0 20  0  0 53 44 79 70 52 95 44 56 34 80  0 80  0  0 40 70
1030 0 497 0 739 0 2772 0 3364 0 4170 0 4000 0 0 0 200 40  0 40  0 20  0  0 53 44 79 70 52 95 44 56 34 80  0 80  0  0 42 70
1035 0 497 0 739 0 2772 0 3364 0 4170 0 4000 0 0 0 200 40  0 40  0 20  0  0 53 44 79 70 52 95 44 56 34 80  0 80  0  0 42 70
1039 0 497 0 739 0 2772 0 3364 0 4170 0 4000 0 0 0 200 40  0 40  0 20  0  0 53 44 79 70 52 95 44 56 34 80  0 80  0  0 42 70
1043 0 497 0 739 0 2772 0 3364 0 4170 0 4000 0 0 0 200 40  0 40  0 20  0  0 53 44 79 70 52 95 44 56 34 80  0 80  0  0 42 70
1048 0 497 0 739 0 2772 0 3364 0 4170 0 4000 0 0 0 200 40  0 40  0 20  0  0 53 44 79 70 52 95 44 56 34 80  0 80  0  0 42 70
1052 0 498 0 748 0 2762 0 3364 0 4173 0 4000 0 0 0 200 40  0 40  0 20  0  0 53 45 78 70 52 94 45 56 34 80  0 80  0  0 42 70
1057 0 500 0 766 0 2741 0 3364 0 4179 0 4000 0 0 0 200 40  0 40  0 20  0  0 53 45 78 69 52 93 45 56 35 80  0 80  0  0 43 70
1061 0 502 0 795 0 2712 0 3365 0 4189 0 4000 0 0 0 200 40  0 40  0 20  0  0 53 46 78 68 52 92 45 55 35 80  0 80  0  0 44 70
1065 0 503 0 835 0 2676 0 3366 0 4203 0 4000 0 0 0 200 40  0 40  0 20  0  0 53 47 77 66 53 90 46 54 36 80  0 80  0  0 45 70
1070 0 504 0 888 0 2637 0 3369 0 4221 0 4000 0 0 0 200 40  0 40  0 20  0  0 53 48 76 64 54 89 47 54 36 80  0 80  0  0 46 70
1074 0 502 0 956 0 2598 0 3375 0 4244 0 4000 0 0 0 200 40  0 40  0 20  0  0 53 48 75 62 54 88 48 53 37 80  0 80  0  0 46 70
1078 0 498 0 1042 0 2563 0 3383 0 4273 0 4000 0 0 0 200 40  0 40  0 20  0  0 52 49 74 61 55 88 49 53 38 80  0 80  0  0 47 70
1083 0 489 0 1149 0 2536 0 3396 0 4309 0 4000 0 0 0 200 40  0 40  0 20  0  0 52 49 73 60 56 89 50 53 39 80  0 80  0  0 48 70
1087 0 474 0 1280 0 2524 0 3414 0 4353 0 4000 0 0 0 200 40  0 40  0 20  0  0 52 49 71 59 58 92 52 54 39 80  0 80  0  0 49 70
1091 0 452 0 1439 0 2533 0 3439 0 4405 0 4000 0 0 0 200 40  0 40  0 20  0  0 51 48 69 60 59 97 54 55 40 80  0 80  0  0 50 70
1096 0 427 0 1593 0 2561 0 3466 0 4457 0 4000 0 0 0 200 40  0 40  0 20  0  0 51 47 68 61 61 104 55 57 41 80  0 80  0  0 51 70
1100 0 400 0 1741 0 2602 0 3494 0 4505 0 4000 0 0 0 200 40  0 40  0 20  0  0 50 45 66 63 62 112 56 59 41 80  0 80  0  0 52 70
1100 0 373 0 1877 0 2650 0 3520 0 4550 0 4000 0 0 0 200 40  0 40  0 20  0  0 50 43 65 65 63 119 58 61 42 80  0 80  0  0 53 70
1104 0 348 0 1999 0 2700 0 3545 0 4590 0 4000 0 0 0 200 40  0 40  0 20  0  0 49 42 64 67 64 127 59 64 42 80  0 80  0  0 54 70
1107 0 325 0 2104 0 2748 0 3567 0 4625 0 4000 0 0 0 200 40  0 40  0 20  0  0 49 40 63 70 65 134 59 66 42 80  0 80  0  0 55 70
1111 0 305 0 2191 0 2790 0 3586 0 4653 0 4000 0 0 0 200 40  0 40  0 20  0  0 48 40 62 72 66 140 60 68 42 80  0 80  0  0 56 70
1114 0 290 0 2258 0 2825 0 3600 0 4675 0 4000 0 0 0 200 40  0 40  0 20  0  0 48 40 61 73 67 145 61 69 42 80  0 80  0  0 56 70
1118 0 280 0 2303 0 2849 0 3610 0 4690 0 4000 0 0 0 200 40  0 40  0 20  0  0 48 40 61 74 67 148 61 70 42 80  0 80  0  0 57 70
1122 0 274 0 2326 0 2861 0 3615 0 4697 0 4000 0 0 0 200 40  0 40  0 20  0  0 48 40 61 75 67 149 61 70 42 80  0 80  0  0 58 70
1125 0 274 0 2326 0 2861 0 3615 0 4697 0 4000 0 0 0 200 40  0 40  0 20  0  0 48 40 61 75 67 149 61 70 42 80  0 80  0  0 59 70
1129 0 274 0 2326 0 2861 0 3615 0 4697 0 4000 0 0 0 200 40  0 40  0 20  0  0 48 40 61 75 67 149 61 70 42 80  0 80  0  0 60 70
1132 0 274 0 2326 0 2861 0 3615 0 4697 0 4000 0 0 0 200 40  0 40  0 20  0  0 48 40 61 75 67 149 61 70 42 80  0 80  0  0 60 70
1136 0 274 0 2326 0 2861 0 3615 0 4697 0 4000 0 0 0 200 40  0 40  0 20  0  0 48 40 61 75 67 149 61 70 42 80  0 80  0  0 60 70
1139 0 274 0 2326 0 2861 0 3615 0 4697 0 4000 0 0 0 200 40  0 40  0 20  0  0 48 40 61 75 67 149 61 70 42 80  0 80  0  0 60 70
1143 0 274 0 2326 0 2861 0 3615 0 4697 0 4000 0 0 0 200 40  0 40  0 20  0  0 48 40 61 75 67 149 61 70 42 80  0 80  0  0 60 70
1147 0 274 0 2326 0 2861 0 3615 0 4697 0 4000 0 0 0 200 40  0 40  0 20  0  0 48 40 61 75 67 149 61 70 42 80  0 80  0  0 60 70
1150 0 274 0 2326 0 2861 0 3615 0 4697 0 4000 0 0 0 200 40  0 40  0 20  0  0 48 40 61 75 67 149 61 70 42 80  0 80  0  0 60 70
1154 0 274 0 2326 0 2861 0 3615 0 4697 0 4000 0 0 0 200 40  0 40  0 20  0  0 48 40 61 75 67 149 61 70 42 80  0 80  0  0 60 70
1157 0 274 0 2326 0 2861 0 3615 0 4697 0 4000 0 0 0 200 40  0 40  0 20  0  0 48 40 61 75 67 149 61 70 42 80  0 80  0  0 60 70
1161 0 274 0 2326 0 2861 0 3615 0 4697 0 4000 0 0 0 200 40  0 40  0 20  0  0 48 40 61 75 67 149 61 70 42 80  0 80  0  0 60 70
1165 0 274 0 2326 0 2861 0 3615 0 4697 0 4000 0 0 0 200 40  0 40  0 20  0  0 48 40 61 75 67 149 61 70 42 80  0 80  0  0 60 70
1168 0 274 0 2326 0 2861 0 3615 0 4697 0 4000 0 0 0 200 40  0 40  0 20  0  0 48 40 61 75 67 149 61 70 42 80  0 80  0  0 60 70
1172 0 274 0 2326 0 2861 0 3615 0 4697 0 4000 0 0 0 200 40  0 40  0 20  0  0 48 40 61 75 67 149 61 70 42 80  0 80  0  0 60 70
1175 0 274 0 2326 0 2861 0 3615 0 4697 0 4000 0 0 0 200 40  0 40  0 20  0  0 48 40 61 75 67 149 61 70 42 80  0 80  0  0 60 70
1179 0 274 0 2326 0 2861 0 3615 0 4697 0 4000 0 0 0 200 40  0 40  0 20  0  0 48 40 61 75 67 149 61 70 42 80  0 80  0  0 60 70
1183 0 274 0 2326 0 2861 0 3615 0 4697 0 4000 0 0 0 200 40  0 40  0 20  0  0 48 40 61 75 67 149 61 70 42 80  0 80  0  0 60 70
1186 0 277 0 2314 0 2855 0 3613 0 4693 0 4000 0 0 0 200 40  0 40  0 20  0  0 48 40 61 75 67 149 61 70 42 80  0 80  0  0 60 70
1190 0 282 0 2291 0 2842 0 3608 0 4686 0 4000 0 0 0 200 40  0 40  0 20  0  0 48 40 61 74 67 147 61 70 42 80  0 80  0  0 59 70
1193 0 290 0 2257 0 2824 0 3600 0 4675 0 4000 0 0 0 200 40  0 40  0 20  0  0 48 40 61 73 67 144 61 69 42 80  0 80  0  0 59 70
1197 0 301 0 2211 0 2800 0 3590 0 4660 0 4000 0 0 0 200 40  0 40  0 20  0  0 48 40 62 72 66 141 60 68 42 80  0 80  0  0 58 70
1201 0 313 0 2155 0 2772 0 3578 0 4641 0 4000 0 0 0 200 40  0 40  0 20  0  0 48 40 62 71 66 137 60 67 42 80  0 80  0  0 57 70
1204 0 328 0 2089 0 2740 0 3564 0 4620 0 4000 0 0 0 200 40  0 40  0 20  0  0 49 40 63 69 65 133 59 65 42 80  0 80  0  0 57 70
1208 0 344 0 2014 0 2706 0 3548 0 4595 0 4000 0 0 0 200 40  0 40  0 20  0  0 49 41 63 68 65 128 59 64 42 80  0 80  0  0 56 70
1211 0 362 0 1930 0 2670 0 3531 0 4567 0 4000 0 0 0 200 40  0 40  0 20  0  0 49 43 64 66 64 123 58 62 42 80  0 80  0  0 56 70
1215 0 381 0 1838 0 2635 0 3513 0 4537 0 4000 0 0 0 200 40  0 40  0 20  0  0 50 44 65 65 63 117 57 61 42 80  0 80  0  0 55 70
1218 0 400 0 1739 0 2601 0 3493 0 4505 0 4000 0 0 0 200 40  0 40  0 20  0  0 50 45 66 63 62 112 56 59 41 80  0 80  0  0 54 70
1222 0 419 0 1635 0 2571 0 3474 0 4470 0 4000 0 0 0 200 40  0 40  0 20  0  0 50 47 67 62 61 106 55 57 41 80  0 80  0  0 54 70
1226 0 438 0 1527 0 2547 0 3454 0 4435 0 4000 0 0 0 200 40  0 40  0 20  0  0 51 48 68 60 60 101 54 56 41 80  0 80  0  0 53 70
1229 0 456 0 1415 0 2530 0 3435 0 4398 0 4000 0 0 0 200 40  0 40  0 20  0  0 51 49 70 60 59 96 53 55 40 80  0 80  0  0 52 70
1233 0 471 0 1302 0 2524 0 3417 0 4360 0 4000 0 0 0 200 40  0 40  0 20  0  0 52 49 71 59 58 92 52 54 40 80  0 80  0  0 52 70
1236 0 483 0 1203 0 2529 0 3403 0 4327 0 4000 0 0 0 200 40  0 40  0 20  0  0 52 49 72 59 57 90 51 53 39 80  0 80  0  0 51 70
1240 0 492 0 1117 0 2542 0 3392 0 4298 0 4000 0 0 0 200 40  0 40  0 20  0  0 52 49 73 60 56 88 50 53 38 80  0 80  0  0 50 70
1240 0 498 0 1043 0 2562 0 3383 0 4273 0 4000 0 0 0 200 40  0 40  0 20  0  0 52 49 74 61 55 88 49 53 38 80  0 80  0  0 50 70
1227 0 501 0 980 0 2587 0 3377 0 4252 0 4000 0 0 0 200 40  0 40  0 20  0  0 53 49 75 62 55 88 48 53 37 80  0 80  0  0 49 70
1215 0 503 0 926 0 2614 0 3372 0 4234 0 4000 0 0 0 200 40  0 40  0 20  0  0 53 48 76 63 54 88 47 53 37 80  0 80  0  0 48 70
1202 0 504 0 880 0 2643 0 3369 0 4218 0 4000 0 0 0 200 40  0 40  0 20  0  0 53 47 76 64 53 89 47 54 36 80  0 80  0  0 48 70
1190 0 503 0 842 0 2671 0 3367 0 4205 0 4000 0 0 0 200 40  0 40  0 20  0  0 53 47 77 66 53 90 46 54 36 80  0 80  0  0 47 70
1177 0 502 0 811 0 2697 0 3365 0 4195 0 4000 0 0 0 200 40  0 40  0 20  0  0 53 46 77 67 53 91 46 55 35 80  0 80  0  0 47 70
1164 0 501 0 786 0 2721 0 3364 0 4186 0 4000 0 0 0 200 40  0 40  0 20  0  0 53 46 78 68 52 92 45 55 35 80  0 80  0  0 46 70
1152 0 500 0 767 0 2741 0 3364 0 4179 0 4000 0 0 0 200 40  0 40  0 20  0  0 53 45 78 69 52 93 45 56 35 80  0 80  0  0 45 70
1139 0 499 0 753 0 2756 0 3364 0 4175 0 4000 0 0 0 200 40  0 40  0 20  0  0 53 45 78 70 52 94 45 56 34 80  0 80  0  0 45 70
1127 0 498 0 743 0 2767 0 3364 0 4171 0 4000 0 0 0 200 40  0 40  0 20  0  0 53 44 78 70 52 95 44 56 34 80  0 80  0  0 44 70
1114 0 497 0 739 0 2772 0 3364 0 4170 0 4000 0 0 0 200 40  0 40  0 20  0  0 53 44 79 70 52 95 44 56 34 80  0 80  0  0 43 70
1101 0 497 0 739 0 2772 0 3364 0 4170 0 4000 0 0 0 200 40  0 40  0 20  0  0 53 44 79 70 52 95 44 56 34 80  0 80  0  0 43 70
1089 0 497 0 739 0 2772 0 3364 0 4170 0 4000 0 0 0 200 40  0 40  0 20  0  0 53 44 79 70 52 95 44 56 34 80  0 80  0  0 42 70
1076 0 497 0 739 0 2772 0 3364 0 4170 0 4000 0 0 0 200 40  0 40  0 20  0  0 53 44 79 70 52 95 44 56 34 80  0 80  0  0 42 70
1064 0 497 0 739 0 2772 0 3364 0 4170 0 4000 0 0 0 200 40  0 40  0 20  0  0 53 44 79 70 52 95 44 56 34 80  0 80  0  0 42 70
1051 0 497 0 739 0 2772 0 3364 0 4170 0 4000 0 0 0 200 40  0 40  0 20  0  0 53 44 79 70 52 95 44 56 34 80  0 80  0  0 42 70
1039 0 498 0 747 0 2761 0 3360 0 4169 0 4000 0 0 0 200 40  0 40  0 20  0  0 53 44 78 70 52 95 44 56 34 80  0 80  0  0 42 70
1026 0 500 0 763 0 2738 0 3352 0 4167 0 4000 0 0 0 200 40  0 40  0 20  0  0 53 45 78 69 52 94 45 57 35 80  0 80  0  0 43 70
1013 0 503 0 787 0 2703 0 3340 0 4165 0 4000 0 0 0 200 40  0 40  0 20  0  0 53 45 78 68 52 94 45 57 36 80  0 80  0  0 44 70
1001 0 505 0 819 0 2659 0 3324 0 4162 0 4000 0 0 0 200 40  0 40  0 20  0  0 54 46 77 67 53 93 45 57 36 80  0 80  0  0 45 70
988 0 508 0 860 0 2605 0 3305 0 4159 0 4000 0 0 0 200 40  0 40  0 20  0  0 54 46 76 66 53 91 46 57 37 80  0 80  0  0 46 70
976 0 511 0 908 0 2543 0 3283 0 4157 0 4000 0 0 0 200 40  0 40  0 20  0  0 54 47 75 64 53 90 47 57 38 80  0 80  0  0 46 70
963 0 513 0 965 0 2473 0 3259 0 4157 0 4000 0 0 0 200 40  0 40  0 20  0  0 54 48 74 62 54 88 47 57 40 80  0 80  0  0 47 70
950 0 513 0 1030 0 2398 0 3233 0 4158 0 4000 0 0 0 200 40  0 40  0 20  0  0 55 49 73 60 55 85 48 57 41 80  0 80  0  0 48 70
938 0 511 0 1103 0 2319 0 3206 0 4162 0 4000 0 0 0 200 40  0 40  0 20  0  0 55 49 72 58 55 81 48 56 42 80  0 80  0  0 49 70
925 0 507 0 1185 0 2238 0 3178 0 4170 0 4000 0 0 0 200 40  0 40  0 20  0  0 55 50 70 56 56 77 49 55 43 80  0 80  0  0 50 70
913 0 500 0 1259 0 2172 0 3156 0 4180 0 4000 0 0 0 200 40  0 40  0 20  0  0 55 50 69 55 57 72 49 54 44 80  0 80  0  0 51 70
900 0 492 0 1325 0 2117 0 3138 0 4192 0 4000 0 0 0 200 40  0 40  0 20  0  0 55 51 68 54 58 68 49 54 44 80  0 80  0  0 52 70
900 0 484 0 1382 0 2073 0 3123 0 4203 0 4000 0 0 0 200 40  0 40  0 20  0  0 55 51 67 53 58 64 49 53 45 80  0 80  0  0 53 70
896 0 475 0 1432 0 2039 0 3112 0 4215 0 4000 0 0 0 200 40  0 40  0 20  0  0 55 51 66 52 59 60 49 52 45 80  0 80  0  0 54 70
893 0 468 0 1473 0 2012 0 3103 0 4225 0 4000 0 0 0 200 40  0 40  0 20  0  0 55 51 66 52 59 57 49 51 45 80  0 80  0  0 55 70
889 0 461 0 1506 0 1991 0 3097 0 4235 0 4000 0 0 0 200 40  0 40  0 20  0  0 55 51 65 52 60 54 49 50 45 80  0 80  0  0 56 70
885 0 456 0 1531 0 1977 0 3092 0 4242 0 4000 0 0 0 200 40  0 40  0 20  0  0 54 51 65 51 60 52 49 50 45 80  0 80  0  0 56 70
881 0 452 0 1548 0 1968 0 3089 0 4247 0 4000 0 0 0 200 40  0 40  0 20  0  0 54 51 65 51 60 51 49 49 45 80  0 80  0  0 57 70
878 0 450 0 1556 0 1963 0 3088 0 4249 0 4000 0 0 0 200 40  0 40  0 20  0  0 54 51 65 51 60 50 49 49 45 80  0 80  0  0 58 70
874 0 450 0 1556 0 1963 0 3088 0 4249 0 4000 0 0 0 200 40  0 40  0 20  0  0 54 51 65 51 60 50 49 49 45 80  0 80  0  0 59 70
870 0 450 0 1556 0 1963 0 3088 0 4249 0 4000 0 0 0 200 40  0 40  0 20  0  0 54 51 65 51 60 50 49 49 45 80  0 80  0  0 60 70
867 0 450 0 1556 0 1963 0 3088 0 4249 0 4000 0 0 0 200 40  0 40  0 20  0  0 54 51 65 51 60 50 49 49 45 80  0 80  0  0 60 70
863 0 450 0 1556 0 1963 0 3088 0 4249 0 4000 0 0 0 200 40  0 40  0 20  0  0 54 51 65 51 60 50 49 49 45 80  0 80  0  0 60 70
859 0 450 0 1556 0 1963 0 3088 0 4249 0 4000 0 0 0 200 40  0 40  0 20  0  0 54 51 65 51 60 50 49 49 45 80  0 80  0  0 60 70
856 0 451 0 1554 0 1970 0 3095 0 4249 0 4000 0 0 0 200 40  0 40  0 20  0  0 54 51 65 51 60 50 49 49 45 80  0 80  0  0 60 70
852 0 453 0 1551 0 1984 0 3108 0 4250 0 4000 0 0 0 200 40  0 40  0 20  0  0 54 51 65 52 60 51 49 50 46 80  0 80  0  0 60 70
848 0 456 0 1546 0 2005 0 3128 0 4250 0 4000 0 0 0 200 40  0 40  0 20  0  0 54 51 65 52 61 52 49 50 46 80  0 80  0  0 60 70
844 0 459 0 1539 0 2032 0 3155 0 4251 0 4000 0 0 0 200 40  0 40  0 20  0  0 54 52 65 53 61 54 49 51 46 80  0 80  0  0 60 70
841 0 464 0 1531 0 2066 0 3187 0 4251 0 4000 0 0 0 200 40  0 40  0 20  0  0 54 52 65 53 61 56 50 52 47 80  0 80  0  0 60 70
837 0 470 0 1520 0 2105 0 3224 0 4252 0 4000 0 0 0 200 40  0 40  0 20  0  0 54 53 66 54 62 57 50 54 47 80  0 80  0  0 60 70
833 0 476 0 1508 0 2150 0 3265 0 4253 0 4000 0 0 0 200 40  0 40  0 20  0  0 54 53 66 55 62 60 51 55 48 80  0 80  0  0 60 70
830 0 484 0 1494 0 2199 0 3311 0 4254 0 4000 0 0 0 200 40  0 40  0 20  0  0 54 54 66 55 63 62 51 56 49 80  0 80  0  0 60 70
826 0 493 0 1478 0 2253 0 3359 0 4254 0 4000 0 0 0 200 40  0 40  0 20  0  0 54 54 66 56 63 64 52 58 49 80  0 80  0  0 60 70
822 0 503 0 1460 0 2310 0 3409 0 4255 0 4000 0 0 0 200 40  0 40  0 20  0  0 54 55 66 57 64 67 53 60 50 80  0 80  0  0 60 70
819 0 515 0 1439 0 2369 0 3461 0 4256 0 4000 0 0 0 200 40  0 40  0 20  0  0 54 55 67 58 64 69 53 62 50 80  0 80  0  0 60 70
815 0 525 0 1420 0 2421 0 3503 0 4257 0 4000 0 0 0 200 40  0 40  0 20  0  0 54 56 67 58 65 71 54 63 50 80  0 80  0  0 60 70
811 0 535 0 1403 0 2464 0 3538 0 4258 0 4000 0 0 0 200 40  0 40  0 20  0  0 54 56 67 58 65 72 54 64 50 80  0 80  0  0 60 70
807 0 544 0 1388 0 2502 0 3567 0 4258 0 4000 0 0 0 200 40  0 40  0 20  0  0 54 56 67 58 65 74 55 65 50 80  0 80  0  0 60 70
804 0 552 0 1374 0 2533 0 3591 0 4259 0 4000 0 0 0 200 40  0 40  0 20  0  0 54 56 67 58 65 74 55 66 50 80  0 80  0  0 60 70
800 0 558 0 1362 0 2559 0 3609 0 4259 0 4000 0 0 0 200 40  0 40  0 20  0  0 54 56 67 58 65 75 55 67 50 80  0 80  0  0 60 70
800 0 564 0 1352 0 2579 0 3624 0 4259 0 4000 0 0 0 200 40  0 40  0 20  0  0 55 56 67 58 65 75 55 67 50 80  0 80  0  0 60 70
800 0 569 0 1344 0 2595 0 3635 0 4259 0 4000 0 0 0 200 40  0 40  0 20  0  0 55 56 67 58 65 75 55 68 50 80  0 80  0  0 60 70
800 0 572 0 1334 0 2606 0 3640 0 4258 0 4000 0 0 0 200 40  0 40  0 20  0  0 55 55 67 58 65 76 55 68 49 80  0 80  0  0 60 70
800 0 573 0 1325 0 2604 0 3634 0 4256 0 4000 0 0 0 200 40  0 40  0 20  0  0 55 55 67 58 65 76 55 68 49 80  0 80  0  0 60 70
800 0 573 0 1311 0 2601 0 3626 0 4252 0 4000 0 0 0 200 40  0 40  0 20  0  0 55 55 67 58 64 76 55 67 49 80  0 80  0  0 59 70
800 0 574 0 1294 0 2598 0 3615 0 4247 0 4000 0 0 0 200 40  0 40  0 20  0  0 55 55 68 57 64 76 55 67 49 80  0 80  0  0 58 70
800 0 574 0 1272 0 2595 0 3601 0 4241 0 4000 0 0 0 200 40  0 40  0 20  0  0 55 55 68 57 64 77 55 66 49 80  0 80  0  0 58 70
800 0 574 0 1246 0 2592 0 3586 0 4235 0 4000 0 0 0 200 40  0 40  0 20  0  0 55 55 68 57 63 77 54 65 48 80  0 80  0  0 57 70
800 0 574 0 1215 0 2589 0 3568 0 4227 0 4000 0 0 0 200 40  0 40  0 20  0  0 55 54 68 57 63 78 54 65 48 80  0 80  0  0 57 70
800 0 573 0 1181 0 2589 0 3548 0 4220 0 4000 0 0 0 200 40  0 40  0 20  0  0 55 54 69 57 62 79 54 64 47 80  0 80  0  0 56 70
800 0 571 0 1142 0 2590 0 3527 0 4211 0 4000 0 0 0 200 40  0 40  0 20  0  0 55 53 69 58 61 79 53 63 47 80  0 80  0  0 56 70
800 0 568 0 1100 0 2595 0 3505 0 4203 0 4000 0 0 0 200 40  0 40  0 20  0  0 55 53 70 58 60 81 52 62 46 80  0 80  0  0 55 70
800 0 563 0 1053 0 2604 0 3482 0 4195 0 4000 0 0 0 200 40  0 40  0 20  0  0 54 52 71 59 59 82 52 61 45 80  0 80  0  0 55 70
800 0 557 0 1004 0 2617 0 3459 0 4188 0 4000 0 0 0 200 40  0 40  0 20  0  0 54 51 72 60 58 84 51 60 43 80  0 80  0  0 54 70
800 0 550 0 958 0 2634 0 3439 0 4182 0 4000 0 0 0 200 40  0 40  0 20  0  0 54 50 73 61 57 85 50 59 42 80  0 80  0  0 54 70
800 0 543 0 918 0 2652 0 3423 0 4178 0 4000 0 0 0 200 40  0 40  0 20  0  0 54 49 74 62 56 87 49 59 41 80  0 80  0  0 53 70
800 0 535 0 881 0 2671 0 3409 0 4175 0 4000 0 0 0 200 40  0 40  0 20  0  0 54 48 75 64 55 88 48 58 40 80  0 80  0  0 53 70
800 0 528 0 849 0 2690 0 3398 0 4173 0 4000 0 0 0 200 40  0 40  0 20  0  0 54 47 75 65 55 90 47 58 39 80  0 80  0  0 52 70
800 0 521 0 821 0 2708 0 3388 0 4171 0 4000 0 0 0 200 40  0 40  0 20  0  0 54 47 76 66 54 91 47 57 38 80  0 80  0  0 52 70
800 0 515 0 798 0 2725 0 3381 0 4170 0 4000 0 0 0 200 40  0 40  0 20  0  0 53 46 77 67 53 92 46 57 37 80  0 80  0  0 51 70
800 0 509 0 778 0 2740 0 3375 0 4170 0 4000 0 0 0 200 40  0 40  0 20  0  0 53 46 77 68 53 93 45 57 36 80  0 80  0  0 51 70
800 0 505 0 762 0 2753 0 3370 0 4170 0 4000 0 0 0 200 40  0 40  0 20  0  0 53 45 78 69 52 94 45 57 35 80  0 80  0  0 50 70
800 0 501 0 751 0 2762 0 3367 0 4170 0 4000 0 0 0 200 40  0 40  0 20  0  0 53 45 78 70 52 94 45 56 35 80  0 80  0  0 50 70
800 0 499 0 743 0 2769 0 3365 0 4170 0 4000 0 0 0 200 40  0 40  0 20  0  0 53 44 78 70 52 95 44 56 34 80  0 80  0  0 49 70
800 0 497 0 739 0 2772 0 3364 0 4170 0 4000 0 0 0 200 40  0 40  0 20  0  0 53 44 79 70 52 95 44 56 34 80  0 80  0  0 49 70
800 0 497 0 739 0 2772 0 3364 0 4170 0 4000 0 0 0 200 40  0 40  0 20  0  0 53 44 79 70 52 95 44 56 34 80  0 80  0  0 48 70
800 0 497 0 739 0 2772 0 3364 0 4170 0 4000 0 0 0 200 40  0 40  0 20  0  0 53 44 79 70 52 95 44 56 34 80  0 80  0  0 48 70
800 0 497 0 739 0 2772 0 3364 0 4170 0 4000 0 0 0 200 40  0 40  0 20  0  0 53 44 79 70 52 95 44 56 34 80  0 80  0  0 48 70
800 0 501 0 748 0 2768 0 3369 0 4172 0 4000 0 0 0 200 40  0 40  0 20  0  0 53 45 78 70 52 94 45 56 35 80  0 80  0  0 48 70
800 0 507 0 765 0 2760 0 3381 0 4175 0 4000 0 0 0 200 40  0 40  0 20  0  0 53 45 78 69 53 93 45 56 35 80  0 80  0  0 49 70
800 0 516 0 791 0 2749 0 3397 0 4181 0 4000 0 0 0 200 40  0 40  0 20  0  0 53 46 77 68 53 92 46 56 36 80  0 80  0  0 49 70
800 0 528 0 827 0 2736 0 3420 0 4188 0 4000 0 0 0 200 40  0 40  0 20  0  0 53 47 76 66 54 90 47 57 37 80  0 80  0  0 50 70
800 0 542 0 873 0 2721 0 3447 0 4198 0 4000 0 0 0 200 40  0 40  0 20  0  0 53 48 75 65 55 89 48 57 39 80  0 80  0  0 50 70
800 0 558 0 929 0 2707 0 3481 0 4211 0 4000 0 0 0 200 40  0 40  0 20  0  0 54 49 74 63 57 87 49 58 40 80  0 80  0  0 51 70
800 0 575 0 996 0 2694 0 3520 0 4226 0 4000 0 0 0 200 40  0 40  0 20  0  0 54 50 72 62 58 86 51 59 42 80  0 80  0  0 52 70
800 0 593 0 1076 0 2686 0 3565 0 4245 0 4000 0 0 0 200 40  0 40  0 20  0  0 54 51 71 61 60 85 52 60 44 80  0 80  0  0 52 70
800 0 610 0 1168 0 2684 0 3615 0 4267 0 4000 0 0 0 200 40  0 40  0 20  0  0 54 52 70 61 62 85 54 62 45 80  0 80  0  0 53 70
800 0 626 0 1275 0 2692 0 3672 0 4294 0 4000 0 0 0 200 40  0 40  0 20  0  0 55 53 69 61 64 86 55 66 47 80  0 80  0  0 53 70
800 0 637 0 1375 0 2707 0 3722 0 4320 0 4000 0 0 0 200 40  0 40  0 20  0  0 55 53 68 63 66 89 56 69 48 80  0 80  0  0 54 70
800 0 645 0 1466 0 2727 0 3768 0 4344 0 4000 0 0 0 200 40  0 40  0 20  0  0 55 53 67 65 67 92 57 73 49 80  0 80  0  0 55 70
800 0 650 0 1549 0 2750 0 3807 0 4366 0 4000 0 0 0 200 40  0 40  0 20  0  0 55 53 67 68 68 95 58 76 49 80  0 80  0  0 55 70
812 0 653 0 1621 0 2773 0 3841 0 4385 0 4000 0 0 0 200 40  0 40  0 20  0  0 56 53 67 71 69 99 59 79 50 80  0 80  0  0 56 70
824 0 654 0 1682 0 2796 0 3870 0 4402 0 4000 0 0 0 200 40  0 40  0 20  0  0 56 52 67 73 70 102 59 82 50 80  0 80  0  0 56 70
836 0 655 0 1732 0 2815 0 3892 0 4416 0 4000 0 0 0 200 40  0 40  0 20  0  0 56 52 67 76 71 105 59 85 50 80  0 80  0  0 57 70
848 0 655 0 1770 0 2831 0 3909 0 4427 0 4000 0 0 0 200 40  0 40  0 20  0  0 56 52 67 77 71 107 59 86 50 80  0 80  0  0 58 70
861 0 655 0 1795 0 2842 0 3921 0 4434 0 4000 0 0 0 200 40  0 40  0 20  0  0 56 51 67 79 71 108 60 88 50 80  0 80  0  0 58 70
873 0 655 0 1808 0 2847 0 3926 0 4437 0 4000 0 0 0 200 40  0 40  0 20  0  0 56 51 67 79 72 109 60 88 50 80  0 80  0  0 59 70
885 0 655 0 1808 0 2847 0 3926 0 4437 0 4000 0 0 0 200 40  0 40  0 20  0  0 56 51 67 79 72 109 60 88 50 80  0 80  0  0 59 70
897 0 651 0 1813 0 2844 0 3925 0 4440 0 4000 0 0 0 200 40  0 40  0 20  0  0 56 51 67 80 72 110 60 88 50 80  0 80  0  0 60 70
909 0 644 0 1823 0 2839 0 3923 0 4444 0 4000 0 0 0 200 40  0 40  0 20  0  0 56 51 67 80 72 110 59 87 50 80  0 80  0  0 60 70
921 0 634 0 1838 0 2831 0 3919 0 4451 0 4000 0 0 0 200 40  0 40  0 20  0  0 56 50 67 81 72 112 59 86 51 80  0 80  0  0 60 70
933 0 620 0 1859 0 2822 0 3913 0 4460 0 4000 0 0 0 200 40  0 40  0 20  0  0 55 49 67 82 72 114 59 84 51 80  0 80  0  0 60 70
945 0 602 0 1884 0 2811 0 3905 0 4471 0 4000 0 0 0 200 40  0 40  0 20  0  0 55 49 67 83 72 116 59 82 52 80  0 80  0  0 60 70
957 0 580 0 1915 0 2800 0 3894 0 4485 0 4000 0 0 0 200 40  0 40  0 20  0  0 54 48 66 84 72 118 59 80 52 80  0 80  0  0 60 70
969 0 555 0 1951 0 2790 0 3879 0 4502 0 4000 0 0 0 200 40  0 40  0 20  0  0 54 46 66 85 72 121 59 78 53 80  0 80  0  0 60 70
982 0 525 0 1992 0 2783 0 3860 0 4522 0 4000 0 0 0 200 40  0 40  0 20  0  0 53 45 65 86 72 125 59 76 53 80  0 80  0  0 60 70
994 0 491 0 2039 0 2779 0 3836 0 4544 0 4000 0 0 0 200 40  0 40  0 20  0  0 52 44 65 86 72 128 59 74 52 80  0 80  0  0 60 70
1006 0 453 0 2091 0 2780 0 3804 0 4570 0 4000 0 0 0 200 40  0 40  0 20  0  0 51 42 64 86 72 132 59 72 52 80  0 80  0  0 60 70
1018 0 418 0 2137 0 2787 0 3773 0 4594 0 4000 0 0 0 200 40  0 40  0 20  0  0 50 41 63 85 71 136 59 71 51 80  0 80  0  0 60 70
1030 0 387 0 2179 0 2797 0 3742 0 4616 0 4000 0 0 0 200 40  0 40  0 20  0  0 50 40 63 84 71 139 59 70 49 80  0 80  0  0 60 70
1030 0 359 0 2216 0 2808 0 3714 0 4636 0 4000 0 0 0 200 40  0 40  0 20  0  0 49 40 62 82 70 142 60 70 48 80  0 80  0  0 60 70
1030 0 335 0 2247 0 2821 0 3687 0 4653 0 4000 0 0 0 200 40  0 40  0 20  0  0 49 40 62 80 69 144 60 70 47 80  0 80  0  0 60 70
1030 0 315 0 2273 0 2833 0 3664 0 4668 0 4000 0 0 0 200 40  0 40  0 20  0  0 49 40 61 79 69 146 60 70 45 80  0 80  0  0 60 70
1030 0 299 0 2294 0 2843 0 3645 0 4679 0 4000 0 0 0 200 40  0 40  0 20  0  0 48 40 61 77 68 147 61 70 44 80  0 80  0  0 60 70
1030 0 287 0 2310 0 2852 0 3630 0 4688 0 4000 0 0 0 200 40  0 40  0 20  0  0 48 40 61 76 68 148 61 70 43 80  0 80  0  0 60 70
1030 0 278 0 2321 0 2858 0 3620 0 4694 0 4000 0 0 0 200 40  0 40  0 20  0  0 48 40 61 75 67 149 61 70 43 80  0 80  0  0 60 70
1030 0 274 0 2326 0 2861 0 3615 0 4697 0 4000 0 0 0 200 40  0 40  0 20  0  0 48 40 61 75 67 149 61 70 42 80  0 80  0  0 60 70
1030 0 274 0 2326 0 2861 0 3615 0 4697 0 4000 0 0 0 200 40  0 40  0 20  0  0 48 40 61 75 67 149 61 70 42 80  0 80  0  0 60 70
1030 0 274 0 2326 0 2861 0 3615 0 4697 0 4000 0 0 0 200 40  0 40  0 20  0  0 48 40 61 75 67 149 61 70 42 80  0 80  0  0 60 70
1030 0 274 0 2326 0 2861 0 3615 0 4697 0 4000 0 0 0 200 40  0 40  0 20  0  0 48 40 61 75 67 149 61 70 42 80  0 80  0  0 60 70
1030 0 274 0 2326 0 2861 0 3615 0 4697 0 4000 0 0 0 200 40  0 40  0 20  0  0 48 40 61 75 67 149 61 70 42 80  0 80  0  0 60 70
1030 0 274 0 2326 0 2861 0 3615 0 4697 0 4000 0 0 0 200 40  0 40  0 20  0  0 48 40 61 75 67 149 61 70 42 80  0 80  0  0 60 70
1030 0 274 0 2326 0 2861 0 3615 0 4697 0 4000 0 0 0 200 40  0 40  0 20  0  0 48 40 61 75 67 149 61 70 42 80  0 80  0  0 60 70
1030 0 274 0 2326 0 2861 0 3615 0 4697 0 4000 0 0 0 200 40  0 40  0 20  0  0 48 40 61 75 67 149 61 70 42 80  0 80  0  0 50 70
1030 0 274 0 2326 0 2861 0 3615 0 4697 0 4000 0 0 0 200 40  0 40  0 20  0  0 48 40 61 75 67 149 61 70 42 80  0 80  0  0 40 70
1030 0 274 0 2326 0 2861 0 3615 0 4697 0 4000 0 0 0 200 40  0 40  0 20  0  0 48 40 61 75 67 149 61 70 42 80  0 80  0  0 30 70
1030 0 274 0 2326 0 2861 0 3615 0 4697 0 4000 0 0 0 200 40  0 40  0 20  0  0 48 40 61 75 67 149 61 70 42 80  0 80  0  0 20 70
1030 0 274 0 2326 0 2861 0 3615 0 4697 0 4000 0 0 0 200 40  0 40  0 20  0  0 48 40 61 75 67 149 61 70 42 80  0 80  0  0 10 70
1030 0 274 0 2326 0 2861 0 3615 0 4697 0 4000 0 0 0 200 40  0 40  0 20  0  0 48 40 61 75 67 149 61 70 42 80  0 80  0  0  0 70
1030 0 274 0 2326 0 2861 0 3615 0 4697 0 4000 0 0 0 200 40  0 40  0 20  0  0 48 40 61 75 67 149 61 70 42 80  0 80  0  0  0 70
1030 0 274 0 2326 0 2861 0 3615 0 4697 0 4000 0 0 0 200 40  0 40  0 20  0  0 48 40 61 75 67 149 61 70 42 80  0 80  0  0  0 70
1030 0 274 0 2326 0 2861 0 3615 0 4697 0 4000 0 0 0 200 40  0 40  0 20  0  0 48 40 61 75 67 149 61 70 42 80  0 80  0  0  0 70
1030 0 274 0 2326 0 2861 0 3615 0 4697 0 4000 0 0 0 200 40  0 40  0 20  0  0 48 40 61 75 67 149 61 70 42 80  0 80  0  0  0 70
1030 0 655 0 1808 0 2847 0 3926 0 4437 0 4000 0 0 0 200 40  0 40  0 20  0  0 56 51 67 79 72 109 60 88 50 80  0 80  0  0 42 70
1030 0 655 0 1808 0 2847 0 3926 0 4437 0 4000 0 0 0 200 40  0 40  0 20  0  0 56 51 67 79 72 109 60 88 50 80  0 80  0  0 48 70
1030 0 655 0 1808 0 2847 0 3926 0 4437 0 4000 0 0 0 200 40  0 40  0 20  0  0 56 51 67 79 72 109 60 88 50 80  0 80  0  0 54 70
1030 0 655 0 1808 0 2847 0 3926 0 4437 0 4000 0 0 0 200 40  0 40  0 20  0  0 56 51 67 79 72 109 60 88 50 80  0 80  0  0 60 70
1030 0 641 0 1828 0 2836 0 3922 0 4446 0 4000 0 0 0 200 40  0 40  0 20  0  0 56 50 67 80 72 111 59 87 51 80  0 80  0  0 60 70
1030 0 612 0 1869 0 2817 0 3910 0 4464 0 4000 0 0 0 200 40  0 40  0 20  0  0 55 49 67 83 72 114 59 84 52 80  0 80  0  0 60 70
1030 0 569 0 1931 0 2796 0 3888 0 4492 0 4000 0 0 0 200 40  0 40  0 20  0  0 54 47 66 85 72 120 59 79 53 80  0 80  0  0 60 70
1030 0 510 0 2013 0 2781 0 3850 0 4532 0 4000 0 0 0 200 40  0 40  0 20  0  0 52 45 65 86 72 126 59 75 53 80  0 80  0  0 60 70
1030 0 434 0 2117 0 2783 0 3787 0 4584 0 4000 0 0 0 200 40  0 40  0 20  0  0 51 41 64 86 72 134 59 71 51 80  0 80  0  0 60 70
1030 0 371 0 2200 0 2803 0 3726 0 4627 0 4000 0 0 0 200 40  0 40  0 20  0  0 50 40 63 83 70 141 60 70 49 80  0 80  0  0 60 70
1030 0 323 0 2263 0 2825 0 3671 0 4661 0 4000 0 0 0 200 40  0 40  0 20  0  0 49 40 62 79 69 145 60 70 46 80  0 80  0  0 59 70
1030 0 321 0 2264 0 2820 0 3665 0 4660 0 4000 0 0 0 200 40  0 40  0 20  0  0 49 40 62 79 69 145 60 70 46 80  0 80  0  0 59 70
1030 0 319 0 2266 0 2812 0 3656 0 4657 0 4000 0 0 0 200 40  0 40  0 20  0  0 49 40 61 79 69 144 60 70 46 80  0 80  0  0 58 70
1030 0 316 0 2268 0 2802 0 3644 0 4654 0 4000 0 0 0 200 40  0 40  0 20  0  0 49 40 61 79 69 143 60 71 46 80  0 80  0  0 58 70
1030 0 313 0 2270 0 2789 0 3629 0 4651 0 4000 0 0 0 200 40  0 40  0 20  0  0 49 40 61 79 69 142 60 71 46 80  0 80  0  0 57 70
1030 0 309 0 2273 0 2773 0 3612 0 4647 0 4000 0 0 0 200 40  0 40  0 20  0  0 49 40 61 79 69 141 60 72 46 80  0 80  0  0 56 70
1030 0 304 0 2277 0 2754 0 3591 0 4642 0 4000 0 0 0 200 40  0 40  0 20  0  0 49 40 61 79 69 140 60 72 46 80  0 80  0  0 56 70
1030 0 299 0 2280 0 2732 0 3568 0 4636 0 4000 0 0 0 200 40  0 40  0 20  0  0 49 40 61 79 69 138 60 73 46 80  0 80  0  0 55 70
1030 0 293 0 2284 0 2707 0 3543 0 4630 0 4000 0 0 0 200 40  0 40  0 20  0  0 49 41 61 79 69 136 60 74 46 80  0 80  0  0 55 70
1030 0 286 0 2287 0 2678 0 3515 0 4623 0 4000 0 0 0 200 40  0 40  0 20  0  0 49 41 61 79 69 133 60 74 46 80  0 80  0  0 54 70
1030 0 279 0 2290 0 2652 0 3490 0 4617 0 4000 0 0 0 200 40 16 40  0 20  0  0 49 42 61 79 69 131 60 74 46 80  0 80  0  0 53 70
1030 0 274 0 2293 0 2629 0 3468 0 4612 0 4000 0 0 0 200 40 16 40  0 20  0  0 49 42 60 78 69 129 60 75 46 80  0 80  0  0 53 70
1023 0 269 0 2295 0 2608 0 3448 0 4608 0 4000 0 0 0 200 40 16 40  0 20  0  0 49 43 60 78 69 127 59 75 46 80  0 80  0  0 52 70
1016 0 265 0 2297 0 2590 0 3432 0 4604 0 4000 0 0 0 200 40 16 40  0 20  0  0 49 43 60 78 69 125 59 75 46 80  0 80  0  0 52 70
1009 0 261 0 2298 0 2575 0 3419 0 4601 0 4000 0 0 0 200 40 16 40  0 20  0  0 49 43 60 78 69 124 59 75 46 80  0 80  0  0 51 70
1003 0 258 0 2299 0 2563 0 3408 0 4598 0 4000 0 0 0 200 40 16 40  0 20  0  0 49 43 60 78 69 123 59 75 46 80  0 80  0  0 50 70
996 0 256 0 2299 0 2553 0 3400 0 4596 0 4000 0 0 0 200 40 16 40  0 20  0  0 49 43 60 78 69 122 59 75 46 80  0 80  0  0 50 70
989 0 255 0 2300 0 2547 0 3395 0 4595 0 4000 0 0 0 200 40 16 40  0 20  0  0 49 44 60 78 69 121 59 75 46 80  0 80  0  0 49 70
982 0 254 0 2300 0 2544 0 3392 0 4595 0 4000 0 0 0 200 40 16 40  0 20  0  0 49 44 60 78 69 121 59 75 46 80  0 80  0  0 49 70
975 0 254 0 2300 0 2547 0 3394 0 4596 0 4000 0 0 0 200 40 16 40  0 20  0  0 49 44 60 78 69 121 59 75 46 80  0 80  0  0 48 70
968 0 255 0 2301 0 2553 0 3397 0 4597 0 4000 0 0 0 200 40 16 40  0 20  0  0 49 43 60 78 69 122 59 75 46 80  0 80  0  0 49 70
962 0 256 0 2303 0 2562 0 3402 0 4600 0 4000 0 0 0 200 40 16 40  0 20  0  0 49 43 60 78 69 123 59 75 46 80  0 80  0  0 49 70
955 0 257 0 2305 0 2574 0 3409 0 4603 0 4000 0 0 0 200 40 16 40  0 20  0  0 49 43 60 78 69 124 59 75 46 80  0 80  0  0 50 70
948 0 258 0 2307 0 2589 0 3418 0 4608 0 4000 0 0 0 200 40 16 40  0 20  0  0 49 43 60 78 69 126 59 75 46 80  0 80  0  0 50 70
941 0 260 0 2309 0 2607 0 3429 0 4614 0 4000 0 0 0 200 40 16 40  0 20  0  0 49 42 60 78 69 128 60 75 45 80  0 80  0  0 51 70
934 0 262 0 2312 0 2629 0 3443 0 4620 0 4000 0 0 0 200 40 16 40  0 20  0  0 49 42 60 77 69 130 60 75 45 80  0 80  0  0 52 70
927 0 264 0 2314 0 2654 0 3459 0 4628 0 4000 0 0 0 200 40 16 40  0 20  0  0 49 41 60 77 69 133 60 75 45 80  0 80  0  0 52 70
921 0 266 0 2317 0 2682 0 3478 0 4637 0 4000 0 0 0 200 40 16 40  0 20  0  0 49 41 60 77 68 135 60 75 44 80  0 80  0  0 53 70
914 0 268 0 2320 0 2714 0 3500 0 4647 0 4000 0 0 0 200 40 16 40  0 20  0  0 49 40 60 77 68 138 60 74 44 80  0 80  0  0 53 70
907 0 269 0 2322 0 2742 0 3521 0 4657 0 4000 0 0 0 200 40 16 40  0 20  0  0 48 40 60 76 68 141 61 74 44 80  0 80  0  0 54 70
900 0 271 0 2323 0 2768 0 3541 0 4665 0 4000 0 0 0 200 40  0 40  0 20  0  0 48 40 60 76 68 143 61 73 43 80  0 80  0  0 55 70
900 0 272 0 2324 0 2791 0 3559 0 4673 0 4000 0 0 0 200 40  0 40  0 20  0  0 48 40 60 76 68 145 61 72 43 80  0 80  0  0 55 70
897 0 272 0 2325 0 2811 0 3574 0 4680 0 4000 0 0 0 200 40  0 40  0 20  0  0 48 40 60 76 68 146 61 72 43 80  0 80  0  0 56 70
894 0 273 0 2325 0 2828 0 3588 0 4686 0 4000 0 0 0 200 40  0 40  0 20  0  0 48 40 60 75 68 147 61 71 43 80  0 80  0  0 56 70
890 0 274 0 2326 0 2841 0 3599 0 4690 0 4000 0 0 0 200 40  0 40  0 20  0  0 48 40 60 75 67 148 61 71 43 80  0 80  0  0 57 70
887 0 274 0 2326 0 2851 0 3607 0 4694 0 4000 0 0 0 200 40  0 40  0 20  0  0 48 40 60 75 67 149 61 71 42 80  0 80  0  0 58 70
884 0 274 0 2326 0 2858 0 3612 0 4696 0 4000 0 0 0 200 40  0 40  0 20  0  0 48 40 60 75 67 149 61 71 42 80  0 80  0  0 58 70
881 0 274 0 2326 0 2861 0 3615 0 4697 0 4000 0 0 0 200 40  0 40  0 20  0  0 48 40 61 75 67 149 61 70 42 80  0 80  0  0 59 70
877 0 274 0 2326 0 2861 0 3615 0 4697 0 4000 0 0 0 200 40  0 40  0 20  0  0 48 40 61 75 67 149 61 70 42 80  0 80  0  0 59 70
874 0 274 0 2326 0 2861 0 3615 0 4697 0 4000 0 0 0 200 40  0 40  0 20  0  0 48 40 61 75 67 149 61 70 42 80  0 80  0  0 60 70
871 0 274 0 2326 0 2861 0 3615 0 4697 0 4000 0 0 0 200 40  0 40  0 20  0  0 48 40 61 75 67 149 61 70 42 80  0 80  0  0 60 70
868 0 274 0 2326 0 2861 0 3615 0 4697 0 4000 0 0 0 200 40  0 40  0 20  0  0 48 40 61 75 67 149 61 70 42 80  0 80  0  0 60 70
865 0 274 0 2326 0 2861 0 3615 0 4697 0 4000 0 0 0 200 40  0 40  0 20  0  0 48 40 61 75 67 149 61 70 42 80  0 80  0  0 60 70
861 0 274 0 2326 0 2861 0 3615 0 4697 0 4000 0 0 0 200 40  0 40  0 20  0  0 48 40 61 75 67 149 61 70 42 80  0 80  0  0 60 70
858 0 274 0 2326 0 2861 0 3615 0 4697 0 4000 0 0 0 200 40  0 40  0 20  0  0 48 40 61 75 67 149 61 70 42 80  0 80  0  0 60 70
855 0 275 0 2323 0 2858 0 3613 0 4696 0 4000 0 0 0 200 40  0 40  0 20  0  0 48 40 61 75 67 149 61 70 42 80  0 80  0  0 60 70
852 0 276 0 2318 0 2851 0 3608 0 4693 0 4000 0 0 0 200 40  0 40  0 20  0  0 48 40 61 75 67 148 61 70 42 80  0 80  0  0 60 70
848 0 278 0 2310 0 2840 0 3602 0 4688 0 4000 0 0 0 200 40  0 40  0 20  0  0 48 40 61 74 67 147 61 70 42 80  0 80  0  0 60 70
845 0 281 0 2300 0 2827 0 3593 0 4683 0 4000 0 0 0 200 40  0 40  0 20  0  0 48 40 61 74 67 146 61 70 42 80  0 80  0  0 60 70
842 0 284 0 2286 0 2809 0 3582 0 4675 0 4000 0 0 0 200 40  0 40  0 20  0  0 48 40 61 74 67 144 60 70 42 80  0 80  0  0 60 70
839 0 288 0 2271 0 2789 0 3569 0 4667 0 4000 0 0 0 200 40  0 40  0 20  0  0 48 40 61 73 67 142 60 70 42 80  0 80  0  0 60 70
835 0 293 0 2252 0 2765 0 3553 0 4656 0 4000 0 0 0 200 40  0 40  0 20  0  0 48 40 61 73 67 140 60 69 42 80  0 80  0  0 60 70
832 0 298 0 2232 0 2738 0 3536 0 4645 0 4000 0 0 0 200 40  0 40  0 20  0  0 49 40 61 72 66 137 60 69 42 80  0 80  0  0 60 70
829 0 304 0 2208 0 2709 0 3517 0 4632 0 4000 0 0 0 200 40  0 40  0 20  0  0 49 40 61 71 66 134 59 68 42 80  0 80  0  0 60 70
826 0 310 0 2183 0 2676 0 3497 0 4617 0 4000 0 0 0 200 40  0 40  0 20  0  0 49 40 62 71 66 130 59 68 42 80  0 80  0  0 60 70
823 0 317 0 2155 0 2640 0 3475 0 4602 0 4000 0 0 0 200 40  0 40  0 20  0  0 49 41 62 70 66 127 59 67 42 80  0 80  0  0 60 70
819 0 324 0 2124 0 2602 0 3451 0 4584 0 4000 0 0 0 200 40  0 40  0 20  0  0 50 41 62 69 65 123 58 67 42 80  0 80  0  0 60 70
816 0 332 0 2092 0 2562 0 3426 0 4566 0 4000 0 0 0 200 40  0 40  0 20  0  0 50 42 62 68 65 118 58 66 42 80  0 80  0  0 60 70
813 0 340 0 2057 0 2519 0 3399 0 4546 0 4000 0 0 0 200 40  0 40  0 20  0  0 50 43 63 67 65 114 57 65 42 80  0 80  0  0 60 70
810 0 349 0 2020 0 2474 0 3372 0 4525 0 4000 0 0 0 200 40  0 40  0 20  0  0 50 44 63 66 64 109 57 64 42 80  0 80  0  0 60 70
806 0 358 0 1981 0 2427 0 3344 0 4503 0 4000 0 0 0 200 40  0 40  0 20  0  0 51 45 63 64 64 104 56 63 43 80  0 80  0  0 60 70
803 0 368 0 1940 0 2379 0 3315 0 4479 0 4000 0 0 0 200 40  0 40  0 20  0  0 51 45 63 63 64 99 55 62 43 80  0 80  0  0 60 70
800 0 377 0 1897 0 2329 0 3286 0 4454 0 4000 0 0 0 200 40  0 40  0 20  0  0 51 46 63 62 63 93 55 61 43 80  0 80  0  0 60 70
800 0 386 0 1858 0 2283 0 3259 0 4431 0 4000 0 0 0 200 40  0 40  0 20  0  0 52 47 64 61 63 88 54 60 43 80  0 80  0  0 60 70
800 0 395 0 1820 0 2241 0 3235 0 4409 0 4000 0 0 0 200 40  0 40  0 20  0  0 52 48 64 60 62 83 53 59 43 80  0 80  0  0 60 70
800 0 402 0 1786 0 2203 0 3214 0 4388 0 4000 0 0 0 200 40  0 40  0 20  0  0 52 48 64 58 62 79 53 58 43 80  0 80  0  0 60 70
800 0 409 0 1754 0 2168 0 3195 0 4370 0 4000 0 0 0 200 40  0 40  0 20  0  0 53 49 64 57 62 75 52 57 44 80  0 80  0  0 60 70
800 0 415 0 1725 0 2137 0 3177 0 4352 0 4000 0 0 0 200 40  0 40  0 20  0  0 53 49 64 57 62 71 52 56 44 80  0 80  0  0 60 70
800 0 421 0 1698 0 2108 0 3162 0 4336 0 4000 0 0 0 200 40  0 40  0 20  0  0 53 49 64 56 61 68 51 55 44 80  0 80  0  0 60 70
800 0 426 0 1674 0 2083 0 3149 0 4321 0 4000 0 0 0 200 40  0 40  0 20  0  0 53 50 65 55 61 65 51 54 44 80  0 80  0  0 60 70
800 0 431 0 1652 0 2060 0 3137 0 4308 0 4000 0 0 0 200 40  0 40  0 20  0  0 54 50 65 54 61 62 50 53 44 80  0 80  0  0 60 70
800 0 435 0 1633 0 2040 0 3126 0 4296 0 4000 0 0 0 200 40  0 40  0 20  0  0 54 50 65 54 61 60 50 52 44 80  0 80  0  0 60 70
800 0 438 0 1615 0 2022 0 3117 0 4286 0 4000 0 0 0 200 40  0 40  0 20  0  0 54 50 65 53 61 57 50 52 45 80  0 80  0  0 60 70
800 0 441 0 1600 0 2007 0 3110 0 4277 0 4000 0 0 0 200 40  0 40  0 20  0  0 54 51 65 53 61 56 49 51 45 80  0 80  0  0 60 70
800 0 444 0 1588 0 1994 0 3103 0 4269 0 4000 0 0 0 200 40  0 40  0 20  0  0 54 51 65 52 60 54 49 50 45 80  0 80  0  0 60 70
800 0 446 0 1577 0 1984 0 3098 0 4262 0 4000 0 0 0 200 40  0 40  0 20  0  0 54 51 65 52 60 53 49 50 45 80  0 80  0  0 60 70
800 0 448 0 1569 0 1976 0 3094 0 4257 0 4000 0 0 0 200 40  0 40  0 20  0  0 54 51 65 52 60 52 49 50 45 80  0 80  0  0 60 70
800 0 449 0 1562 0 1969 0 3091 0 4253 0 4000 0 0 0 200 40  0 40  0 20  0  0 54 51 65 51 60 51 49 49 45 80  0 80  0  0 60 70
800 0 450 0 1558 0 1965 0 3089 0 4251 0 4000 0 0 0 200 40  0 40  0 20  0  0 54 51 65 51 60 50 49 49 45 80  0 80  0  0 60 70
800 0 450 0 1556 0 1963 0 3088 0 4249 0 4000 0 0 0 200 40  0 40  0 20  0  0 54 51 65 51 60 50 49 49 45 80  0 80  0  0 60 70
800 0 450 0 1556 0 1963 0 3088 0 4249 0 4000 0 0 0 200 40  0 40  0 20  0  0 54 51 65 51 60 50 49 49 45 80  0 80  0  0 60 70
800 0 450 0 1556 0 1963 0 3088 0 4249 0 4000 0 0 0 200 40  0 40  0 20  0  0 54 51 65 51 60 50 49 49 45 80  0 80  0  0 60 70
800 0 450 0 1556 0 1963 0 3088 0 4249 0 4000 0 0 0 200 40  0 40  0 20  0  0 54 51 65 51 60 50 49 49 45 80  0 80  0  0 60 70
800 0 450 0 1556 0 1963 0 3088 0 4249 0 4000 0 0 0 200 40  0 40  0 20  0  0 54 51 65 51 60 50 49 49 45 80  0 80  0  0 60 70
800 0 450 0 1556 0 1963 0 3088 0 4249 0 4000 0 0 0 200 40  0 40  0 20  0  0 54 51 65 51 60 50 49 49 45 80  0 80  0  0 60 70
800 0 450 0 1556 0 1963 0 3088 0 4249 0 4000 0 0 0 200 40  0 40  0 20  0  0 54 51 65 51 60 50 49 49 45 80  0 80  0  0 60 70
800 0 450 0 1556 0 1963 0 3088 0 4249 0 4000 0 0 0 200 40  0 40  0 20  0  0 54 51 65 51 60 50 49 49 45 80  0 80  0  0 60 70
800 0 450 0 1556 0 1963 0 3088 0 4249 0 4000 0 0 0 200 40  0 40  0 20  0  0 54 51 65 51 60 50 49 49 45 80  0 80  0  0 60 70
800 0 450 0 1556 0 1963 0 3088 0 4249 0 4000 0 0 0 200 40  0 40  0 20  0  0 54 51 65 51 60 50 49 49 45 80  0 80  0  0 60 70
800 0 450 0 1556 0 1963 0 3088 0 4249 0 4000 0 0 0 200 40  0 40  0 20  0  0 54 51 65 51 60 50 49 49 45 80  0 80  0  0 60 70
800 0 450 0 1556 0 1963 0 3088 0 4249 0 4000 0 0 0 200 40  0 40  0 20  0  0 54 51 65 51 60 50 49 49 45 80  0 80  0  0 55 70
800 0 450 0 1556 0 1963 0 3088 0 4249 0 4000 0 0 0 200 40  0 40  0 20  0  0 54 51 65 51 60 50 49 49 45 80  0 80  0  0 50 70
800 0 450 0 1556 0 1963 0 3088 0 4249 0 4000 0 0 0 200 40  0 40  0 20  0  0 54 51 65 51 60 50 49 49 45 80  0 80  0  0 45 70
800 0 450 0 1556 0 1963 0 3088 0 4249 0 4000 0 0 0 200 40  0 40  0 20  0  0 54 51 65 51 60 50 49 49 45 80  0 80  0  0 40 70
800 0 450 0 1556 0 1963 0 3088 0 4249 0 4000 0 0 0 200 40  0 40  0 20  0  0 54 51 65 51 60 50 49 49 45 80  0 80  0  0 35 70
800 0 450 0 1556 0 1963 0 3088 0 4249 0 4000 0 0 0 200 40  0 40  0 20  0  0 54 51 65 51 60 50 49 49 45 80  0 80  0  0 30 70
800 0 450 0 1556 0 1963 0 3088 0 4249 0 4000 0 0 0 200 40  0 40  0 20  0  0 54 51 65 51 60 50 49 49 45 80  0 80  0  0 25 70
800 0 450 0 1556 0 1963 0 3088 0 4249 0 4000 0 0 0 200 40  0 40  0 20  0  0 54 51 65 51 60 50 49 49 45 80  0 80  0  0 20 70
800 0 450 0 1556 0 1963 0 3088 0 4249 0 4000 0 0 0 200 40  0 40  0 20  0  0 54 51 65 51 60 50 49 49 45 80  0 80  0  0 15 70
800 0 450 0 1556 0 1963 0 3088 0 4249 0 4000 0 0 0 200 40  0 40  0 20  0  0 54 51 65 51 60 50 49 49 45 80  0 80  0  0 10 70
800 0 450 0 1556 0 1963 0 3088 0 4249 0 4000 0 0 0 200 40  0 40  0 20  0  0 54 51 65 51 60 50 49 49 45 80  0 80  0  0  5 70
800 0 450 0 1556 0 1963 0 3088 0 4249 0 4000 0 0 0 200 40  0 40  0 20  0  0 54 51 65 51 60 50 49 49 45 80  0 80  0  0  0 70
800 0 450 0 1556 0 1963 0 3088 0 4249 0 4000 0 0 0 200 40  0 40  0 20  0  0 54 51 65 51 60 50 49 49 45 80  0 80  0  0  0 70
800 0 450 0 1556 0 1963 0 3088 0 4249 0 4000 0 0 0 200 40  0 40  0 20  0  0 54 51 65 51 60 50 49 49 45 80  0 80  0  0  0 70
800 0 450 0 1556 0 1963 0 3088 0 4249 0 4000 0 0 0 200 40  0 40  0 20  0  0 54 51 65 51 60 50 49 49 45 80  0 80  0  0  0 70
800 0 450 0 1556 0 1963 0 3088 0 4249 0 4000 0 0 0 200 40  0 40  0 20  0  0 54 51 65 51 60 50 49 49 45 80  0 80  0  0  0 70
800 0 450 0 1556 0 1963 0 3088 0 4249 0 4000 0 0 0 200 40  0 40  0 20  0  0 54 51 65 51 60 50 49 49 45 80  0 80  0  0  0 70
800 0 450 0 1556 0 1963 0 3088 0 4249 0 4000 0 0 0 200 40  0 40  0 20  0  0 54 51 65 51 60 50 49 49 45 80  0 80  0  0  0 70
800 0 450 0 1556 0 1963 0 3088 0 4249 0 4000 0 0 0 200 40  0 40  0 20  0  0 54 51 65 51 60 50 49 49 45 80  0 80  0  0  0 70
800 0 450 0 1556 0 1963 0 3088 0 4249 0 4000 0 0 0 200 40  0 40  0 20  0  0 54 51 65 51 60 50 49 49 45 80  0 80  0  0  0 70
800 0 450 0 1556 0 1963 0 3088 0 4249 0 4000 0 0 0 200 40  0 40  0 20  0  0 54 51 65 51 60 50 49 49 45 80  0 80  0  0  0 70
800 0 450 0 1556 0 1963 0 3088 0 4249 0 4000 0 0 0 200 40  0 40  0 20  0  0 54 51 65 51 60 50 49 49 45 80  0 80  0  0  0 70
800 0 450 0 1556 0 1963 0 3088 0 4249 0 4000 0 0 0 200 40  0 40  0 20  0  0 54 51 65 51 60 50 49 49 45 80  0 80  0  0  0 70
800 0 450 0 1556 0 1963 0 3088 0 4249 0 4000 0 0 0 200 40  0 40  0 20  0  0 54 51 65 51 60 50 49 49 45 80  0 80  0  0  0 70
800 0 450 0 1556 0 1963 0 3088 0 4249 0 4000 0 0 0 200 40  0 40  0 20  0  0 54 51 65 51 60 50 49 49 45 80  0 80  0  0  0 70
800 0 450 0 1556 0 1963 0 3088 0 4249 0 4000 0 0 0 200 40  0 40  0 20  0  0 54 51 65 51 60 50 49 49 45 80  0 80  0  0  0 70
800 0 450 0 1556 0 1963 0 3088 0 4249 0 4000 0 0 0 200 40  0 40  0 20  0  0 54 51 65 51 60 50 49 49 45 80  0 80  0  0  0 70
800 0 450 0 1556 0 1963 0 3088 0 4249 0 4000 0 0 0 200 40  0 40  0 20  0  0 54 51 65 51 60 50 49 49 45 80  0 80  0  0  0 70
800 0 450 0 1556 0 1963 0 3088 0 4249 0 4000 0 0 0 200 40  0 40  0 20  0  0 54 51 65 51 60 50 49 49 45 80  0 80  0  0  0 70
800 0 450 0 1556 0 1963 0 3088 0 4249 0 4000 0 0 0 200 40  0 40  0 20  0  0 54 51 65 51 60 50 49 49 45 80  0 80  0  0  0 70
800 0 450 0 1556 0 1963 0 3088 0 4249 0 4000 0 0 0 200 40  0 40  0 20  0  0 54 51 65 51 60 50 49 49 45 80  0 80  0  0  0 70
800 0 450 0 1556 0 1963 0 3088 0 4249 0 4000 0 0 0 200 40  0 40  0 20  0  0 54 51 65 51 60 50 49 49 45 80  0 80  0  0  0 70
